Car 0.0 0 -1.57 1448.00 581.00 1751.00 745.00 1.44 2.03 4.30 6.17 1.14 16.46 -1.57
Car 0.0 0 -1.57 1041.00 554.00 1133.00 628.00 1.51 1.92 3.63 2.74 1.07 35.72 -1.57
Car 0.0 0 -1.57 1112.00 538.00 1180.00 597.00 1.90 2.07 4.71 6.17 0.89 54.85 -1.57
Car 0.0 0 1.57 0.00 546.00 93.00 1079.00 1.76 2.10 4.76 -4.32 0.91 4.45 1.57
Car 0.0 0 1.57 30.00 578.00 517.00 843.00 1.51 1.97 4.77 -4.36 1.03 11.21 1.57
Car 0.0 0 1.57 417.00 574.00 669.00 718.00 1.36 2.05 4.81 -4.37 1.09 18.02 1.57
Car 0.0 0 1.57 584.00 563.00 741.00 667.00 1.40 2.00 4.45 -4.32 1.07 24.76 1.57
Car 0.0 0 -4.71 664.00 538.00 790.00 639.00 1.76 2.10 4.76 -4.31 0.90 31.36 -4.71
Truck 0.0 0 -1.57 1052.00 487.00 1130.00 581.00 4.18 2.87 13.36 6.23 -0.24 79.97 -1.57
Truck 0.0 0 -4.71 830.00 523.00 868.00 565.00 2.96 2.37 7.07 -7.65 0.30 115.69 -4.71
